08107803599,
08063189055,
08060797760,
08033918271,
08060828675,
08054517980,
08035372361,
08037533436,
08037465645,
08054335290,
08037502484,
08062363818,
08037557788,
01234567890,
9176340262,
08184466025,
07032086631,
07032453156,
08034702745,
08036806479,
07033993001,
07030838028,
08036398220,
08032174177,
08033895342,
08020594554,
08127192696, 0,
08184890063,
08035311371,
08171092223,
08060569141,
08038394788,
08068414898,
08055574275,
08172452822,
08028073359,
08080708625,
08099090084,
08066762224,
08063154348,
08057305344,
07039262112,
07010451919,
08023323682,
+2348034290194,
08033170385,
7035683818,
08022225974,
08029735030,
08037222068,
08056203410,
08062862705,
08123617221,
08052606907,
09098653332,
08131771712,
08036446571,
07030643218,
08037185678,
08034473471,
08034738844,
+2348061569252,
08020680726,
07046113064,
08065663894,
08153482420,
08036882406,
08022921114,
08065351406,
+2348063551133,
+2348064463708,
08034039516,
08059062910,
08097522294,
08184480001,
08091986227,
08037884043,
08029716705,
08081885478,
08032681635,
08033487957,
08034882582,
08052053857,09,
7185538740,
08035102852,
08060454550,
08032628951,
07064000161,
08034694714,
08170360987,
08036814178,
08134838151,
08037213405,
08062480380,
08038551269,
08174212670,
08094643396,
08037693606,
09091169569,
+2348057774840,
08036598651,
08068631656,
08068152657,
08021110963,
08098687940,
09092886403,
+2348088864018,
08096689140,
08038049207,
07069612255,
08053608896,
08066354048,
08037169389,
08023509133,
08056730048,
08038158772,
,
,
,
,
,
,
,
,
,
,
,
,
,
,
,
,
,
,
,
,
,
,
,
,
,
,
,
,
,
,
,
,
,
,
,
,
,
,
,
,
,
,
,
08027193472,
,
,
,
,
,
,
,
,
,
,
,
,
,
08023145110,
,
,
08027152838,
,
,
,
,
,
,
,
,
08062928267,
,
,
,
,
,
08066887566,
,
,
,
,
,
,
,
,
,
,
8177136343,
,
,
,
,
,
,
,
,
,
,
,
,
,
,
,
,
,
,
,
,
,
,
,
08035077625,
,
,
,
,
,
,
,
,
,
,
,
,
,
,
,
,
,
08076022617,
,
,
,
,
,
,
,
,
,
,
,
,
08064895182,
08032291366,
08030931637,
,
,
,
,
,
,
,
,
,
,
,
,
,
,
,
,
,
,
,
,
09093275662,
,
,
,
,
,
08037763790,
08136089409,
08032882237,
08124678022,
08123949690,
0803426638,
, 08035982038,
+2348033779212,
07035654856,
08021056481,
07036294246,
+2348068352170,
+2348033844440,
+2347038177908,
2348037061074,
09032569716,
08071503641,
08023984477,
08037489159,
+2347093950056,
07087866954,
08063888953,
08033034315,
08034912973,
08035028592,
07033922383,
08038675534,
08060213214,
08079979797,
07032417509,
08022225965,
08025650896,
08095262007,
08033941201,
08036000093,
08023619331 08,
08033827925,
08061375856,
08155816615,
+234 803410558,
08035064799,
+2348037875312,
08092102317,
07034932053,
08066090923,
07017225660,
07031272128,
08182511433,
08022906240,
08037834050,
08037557788,
08023373073,
08064713542,
09053461804,
08052050327,
07016534369,
08026514106,
08036562000,
+2348055043766,
09051885451,
08064377159,
08060660033,
08037022246,
08039651108,
08038695789,
08084044820,
08034647871,
08027435456,
08036275250,
08098150245,
08024511100,
08035984574,
08030983641,
08136683275,
+2348035918377,
+2348036307115,
08034551968,
08038209321,
08023732649,
07060497457,
08030448772,
08028888650,
09053461804,
07087243759,
08037834631,
08033110602,
08030839433,
08031579426,
08033727794,
08164652996,
08069576531,
08061309004,
08028867809,
07037391060,
08033003858,
08030889645,
08034905907,
08034737766,
08023447545,
08038837266,
+2347034602228,
08063807917,
08060789308,
+2348039342744,
+2348034504342,
09094291017,
08056425670,
+2348033048577,
7 folafunmi og,
08059502143,
08096810069,
07054270723,
08035837587,
07060985848,
08065502571,
+2348037450613,
08088888888,
08034783884,
08055153097,
07013035483,
08068466618,
07085785770,
07080050829,
08177747948,
08035609893,
+2348060879173,
08068466618,
08130228816 /,
07062092402,
+2348038175917,
08053819081,
08038208754,
08022121106,
07085001755,
08023164498,
08104871500,
08035822494,
08033250752,
07089746350,
08032084408,
08061621235,
08020623828,
08121318101,
08051739251,
08036987376,
07035503705,
08033370913,
07032373803,
+2348035501040,
8038306701,
08055546460,
08032921186,
08068858179,
08172795363,
08063352353,
08037527257,
08032756508,
07031193722,
08038801243,
09093302293,
08075044445,
08038477773,
08135634292,
08030465054,
08032061526,
08060911098,
+2347062190796,
08064806564,
08033495309,
08088044616,
08038745244,
08030751409,
08037584894,
08162155722,
08135634292,
+2348087313006,
08077134909,
08037730808,
08035071227,
08067803512,
07030092677,
07067919617,
08036508830,
08064427574/ 0,
08023159951,
08053504224,
08183980678,
08069002200,
08054168641,
+2348038191867,
08037068394,
08034390001,
+2348180731143,
08054168641,
+2348052737413,
08036364476,
07033373866,
08066401483,
O8060890841,
08035302717,
+2348096396100,
08032076271,
08038663100,
08023193211,
08033970397,
08166666672,
08060280498,
07055330890,
08037959921,
08065832767,
08098601640,
08166778871,
07030058636,
08068717971,
07031386399,
09093307831,
08023142524,
08037923772,
08038712093,
08067425029,
08035834779,
2348066860426,
08037919721,
08035382228,
07062020192,
08038705153,
07065380529,
07065917711,
+2348023034281,
08023961322,
08037138098,
07086323283,
08038304287,
08055214110,
08032774101,
08033393295,
08165599766,
08023069582,
08035382433,
08069154263,
08023364572,
08062438125,
07032963461,
08037077737,
08034843395,
08078118493,
08033048263,
07088347984,
09095116041,
08030778702,
07032197870,
08039363878,
08082382528,
08022892012,
08024385566,
08038284791,
08143791923,
08038497483,
08083348472,
07063685813,
09059922888,
+2348033449028,
07067732900,
07036929587,
07063137699,
08036372375,
08060475363,
08164515283,
08058716106,
08039373888,
08037103524,
08167610898,
234 0703 217 5,
08034712503,
08038644734,
08068613491,
08034373010,
08038849876,
08069822008,
07030137677,
08099444317,
08038782527,
08035690200,
08023660593,
07039767387,
08084637387,
08084637387,
08090522383,
08036015420,
8035729880,
08068922638 or,
08037426736,
08066401757,
07068025405,
07085573966,
07034480439,
08069512985,
07013555553,
+234055832728,
08075334305,
08038879637,
08091188050,
08091911446,
08137441111,
08037212217,
08063608628,
08060151351,
08032293445,
08039385224,
07067444433,
08060917521,
08055084689,
09038859196,
07064177194,
08097785600,
08029703675,
08034784958,
08033029507,
08062868849,
08036131003,
+2347039104085,
08033958498,
08030685361,
08132111351,
07033511196,
08028521800,
07039886444,
08038813931,
07038431538,
08033016273,
08030783458,
08060614994,
08062970128,
08053221335,
08036241170,
08032001881,
08037202626,
08052951722,
08062226530,
08034281667,
08082343368,
08087531917,
08020737971,
08063323226,
08037844912,
08032036372,
07031369584,
08033634394,
08065729884,
08033128461,
08034370609,
07035681849,
08065826389,
07033575274,
08033472115,
08065208253,
08168656828,
08092985000,
07034065622,
08022240500,
08029788405,
07036002633,
08063425916,
08023174922,
+2348037719333,
08038839993,
08171963660,
08093861274,
08098040970,
08030811424,
08023065347,
08068917701,
07030188783,
08037384454/07,
08036677859,
08169300093,
07084383810,
08023873477,
08174269647,
08033646400,
08057062262,
08038602529,
07011973332,
08034775045,
08053243754,
07032411866,
08055493160,
08035219956,
08066833146,
8034394820,
08034062050,
08066555185,
08023177634,
08056011113,
8074558358,
07031320404,
234-8057082805,
+2348116666626,
08034422003,
08038191019,
08095961670,
08037038911,
+2348091251510,
08067811911,
08124832208,
08093032256,
08026490201,
08037160053,
07036897341,
08034993591,
07030313135,
08034305136,
±234703014481,
08121697410,
08033799076,
08067989318,
07057192656,
08062588762,
08130901006,
07039680755,
+2347063333387,
08036655827,
08033674724,
08038660819,
08034334580,
08039270167,
08039577726,
08036812015,
08039491441,
08034541597,
08151260591,
08036753385,
08166818401,
08034174686,
08111792393,
08061291989,
08032782717,
08037044551,
08170888800,
08060715700,
07065949966,
2348037882727,
08032953192,
08036735284,
08039692281,
08036438260,
08036236751,
08036669044,
08022564648,
08034090506,
08036922211,
09094998072,
08136878373,
07012099007,
08097217410,
08023448219,
08024128987,
08023650100,
08066861090,
08166131998,
08034197222,
08023553677, 0,
09054028272,
08033560695,
08034520159,
8033335647,
08030856682,
08091338908,
+2348036661091,
08029554314,
07039402150,
08055092049,
07034495095,
09032366107,
08935003238,
08073557680,
08036702155,
08030668966,
+2340831874002,
08067463126,
08034543829,
8033622228,
08139556403,
08070463123,
08022211912,
08026490201,
08060428764,
08091051547,
07036107754,
07034670420,
08170360987,
08036281130,
08038558407,
+2348085916584,
07068410186,
08037516634,
08068364456,
08037130250,
08035257096,
08037254542,
babaditan@gmai,
08035965326,
08023960087,
09036145967,
08034351383,
08072931150,
08035038208,
07069035006,
08064537986,
08033059651,
08038264671,
08129223342,
08038042971,
08037081629; 0,
08056029267,
08036661091,
08070448859,
08107759982,
08033046205,
08060035280,
08033762849,
07032535877,
08066738300,
08033083227,
09086455101,
+2348060171267,
08033439370,
08023231529,
08034016568,
07013878736,
08036629348,
08037822496,
08162933285,
08034516123,
08062321002,
8036954444,
08098147265,
08036929375,
08034883770,
08055309725,
08034437889,
08066698858,
08033683677,
07037269473,
08059166616,
08056215118,
08036212006,
07033924885,
08038597445,
+2349037650471,
08030443296,
08144360012,
08114559797,
o8181024883,
8138421029,
07066006933,
08033083833,
08028246608,
2348035680295,
08060594008,
08033683967,
08023658911,
08135558988,
08039357391,
08063887770,
08068336820,
08032342927,
08038000813,
08035886100,
07039393233,
+2348067679659,
08021395140,
08170747770,
08028595506,
08033392500,
07084687811,
07039707990,
08036261238,
08033988132,
08035669914,
08033801197,
08069429155,
08022231126,
08136573004,
08034383520,
08069436672,
O8033937444,
08070324331,
08052731659,
08027064333,
08035416163,
08035515018,
08030436726,
08033092539,
08034119945,
08032222226,
08069303420,
08028946451,
08051755372,
08028282257,
07038471647,
07035171212,
07034550548,
+2348066344554,
+2347069331193,
+2347069331193,
08036648025,
08161115956,
08037107851,
08034097549,
08037311243,
+2348035731627,
08164887602,
08062389119,
08023206397,
09092153299,
08035044249,
08027879120,
08038962572,
08094613008,
08135996460,
+2348025892510,
08036066868,
08060692185,
08028171444,
08035473073,
08037046186,
08037449295,
07033574006,
08062209114,
08023434856,
08092364304,
07030454113,
08023227614,
08121203082,
08188760581,
08035164618,
08064795222,
08170595763,
07035599983,
+234 803301830,
08033975091,
08034437889,
08096887777,
07085168219,
+2348039556314,
08035060606,
08039151767,
08092871805,
07034522244,
08035035438,
08036067442,
08030725950,
08038322233,
08061532639,
2348113270293,
08039775334,
07011114191,
08028443737,
08023343321,
08055211189,
08039755073,
08086666647,
08038556242,
08029837080,
07032375384,
07012887772,
09039130810,
08029507072,
08029507072,
07030050141,
08163226097,
08063045041,
08133148639,
08054875765,
07038449270,
+2348038110010,
08069077111,
08094547722,
07080702558,
08092225964,
08063922635,
08036099152,
07036217246,
08024511727,
08039438900,
08033107630,
08033461503,
08037063409,
08038610228,
7032353330,
08035372981,
08034532481,
08038152976,
08065269451,
07060706068,
07062675171,
08099234445,
08035626491,
08039317555,
08023291499,
08127790887,
07058952559,
08033037058,
08091256912,
08063957975,
08028866131,
+2348035195534,
08032764510,
09086869691,
08064598039,
09098288471,
08068747853,
08067466339,
07033548884,
080y7274895,
2348062423386,
07035048915,
08065584888,
08038040177,
08033108888,
07063188873,
09098771594,
07034118984,
2348035291434,
08021204641,
08035776877,
08098597300,
07065454648,
08060868115,
08050558998,
07033355523,
+2348080303160,
08054480544,
09098630618,
08157769922,
08033895342,
08035721543,
08062829535,
08034647731,
08060934661,
08052451274,
08069311336,
08059504441,
08022769884,
08064570633,
+2348033758329,
08064231299,
8141240942,
07068763315,
07068763315,
08023306796,
08055116426,
08030821598,
08154694921,
08067750461,
08033957016,
08033350456,
08028245003,
08109439770,
08027153224,
07086194761,
08038127361,
08033667933,
O0234703722733,
08141377290 or,
08064318152,
08030751409,
07035597539,
08074915817,
08037902810,
08055955916,
08036789806,
0906384758,
08163835081,
08054629828,
08067575623,
08033835056,
07089996238,
08088500444,
08033889642,
08038336331,
08033307938,
08098888002,
09092034179,
08034969405,
08067261523,
08096772874,
08109973205,
08095640143,
07089139994,
08062181631,
08035669914,
+2348036234861,
08035818175,
08069313586,
440,
08028782571,
08068030169,
08098711409,
08038609072,
08036382723,
08038914156,
08067966109,
08172082031,
+2348032437553,
07032439667,
08032321030,
+2348022901864,
09023752323,
08034709993,
08033421451,
08060004304,
08055553456,
07037880203,08,
08023311801,
08023311801,
08064014024,
08097809802,
07066152415,
09020159883,
8033116595,
08055183736,
08038920370,
08176868887,
08060096575,
08038317695,
08032112060,
08151652797,
08060821822,
08030982314,
+2348033867799,
08138944026,
08032413185,
07034884128,
08034723474,
08095053171,
8064252959,
08138661415,
08036099152,
08082477794,
2348061597221,
09022117322,
08033238120,
07065401008,
08024787611,
08039323606,
08037743944,
08033959663,
83445874376,
07035098976,
08038273709,
08097915965,
08033326505,
08037068111,
08056725742,
+2348066459532,
08082722995,
08037125323,
8032002285,
07086811621,
09095579199,
08035879314,
07060903605,
08032109398,
09097390482,
08033977599,
08067654564,
08035517131,
7035804214,
+2348039534397,
2348145703116,
08054045184,
+2347066587895,
08038187749,
08077892749,
08066837318,
08033036748,
08032203634,
08060206529,
08066235951,
09057285592,
08033551697,
08058052593,
08059468519,
08035960055,
08023065186,
08023065186,
08035524384,
08035821300,
08034981356,
08036739729,
08066491780,
08037917578,
08020965928,
08033788035,
08033882900,
08037256348,
08034078513,
07037407702,
08037141576,
08033892661,
08038698956,
08036228724,
08035992909,
08062303174,
08038819822,
08020544616,
08035766903,
07064172120,
08034273210,
08023714444,
08169653662,
08155573896,
08067426241,
08052321776,
07032668172,
08037311284,
07034063558,
07051801425,
08053506401,
+2348104040672,
08127425422,
2348063955619,
07038136350,
08070366019,
07050553800,
08064677799,
8138847710,
08031895551,
08038875036,
08027214335,
08033988342,
08156770442,
08033705842,
08035251350,
08037981106,
2348038161459,
08028577589,
08060009581,
07034483349,
08035397006,
08096969622,
08060452580,
08028266028,
07064209108,
08033916412,
08033157230,
08035221522,
08069240774,
O8034691261,
08033165804,
08035765579,
09029709061,
08098110802,
07037000128,
8169894027,
aremusamueltob,
08052541671,
07035904999,
08065374613,
08035460333,
08054718180,
08132218584,
09021976646,
+2341834456669,
08112876780,
08036943094,
08054222500,
08098150404,
08091460998,
08027640895,
08033413713,
08028546646,
08023383070,
08122218470,
08055571408,
08102511381,
08034100432,
08062221166,
07034118984,
08033371567,
08035936295,
07088797434,
8035045144,
08023071246,
08064264594,
08032690209,
07058372530,
07030469499,
+234(0)8087138,
08126767918,
08167101548,
080 7976 3232,
08092808473,
+2347033512818,
08165812215,
08030982314,
07036807597,
2348035837043,
08069121073,
08169435613,
08062251942,
08033106144,
08060911098,
08032812625,
08152759755,
07055888896,
07038880233,
09029196333,
08080321242,
08134481133,
08058241145,
08037102121,
08091234456,
+2348032730758,
08131877648,
08035848773,
+2348034276881,
08029662927,
07030719362,
08038689301,
08029997846,
07036021854,
07061657589,
08034484451,
08179976117,
08023648577,
08023538745,
08036532255,
09093652637,
08023061074,
+2348030493477,
08032275710,
08096651828,
07030357775,
08172074680,
08036493408,
08064744574,
08035827323,
09098108212,
08060546332,
08027149142,
08039497503,
08053487734,
08023428856,
08135845013,
08054446268,
08063137401,
08060466612,
08037479572,
07035047532,
08039227299,
00234703429913,
08033300044,09,
08034496202,
08023316558,
07039049691/08,
08033013430,
08034757266,
08055404272,
07034538202,
+2347066637872,
08055279945,
08035017435,
08024241993,
08038330632,
08065047212,
08032444401,
08037963351,
08038005324,
08060548750,
08062802123,
08036058012,
08035658407,
+234 803083664,
08055101021,
08181856699,
08033089824,
08055060654,
07037153350,
08063398613,
08033749972,
08035258382,
08037004077,
08053343363,
07064276646,
08038935042,
08035136002,
08033339629,
07035325274,
08034969191,
08053272825,
08065388786,
08066928482,
08031993484,
08034479036,
08138936524,
08028555666,
08153705678,
07035206219,
08088672219,
08067124592,
08061289890,
08067274849,
08037048702,
08035899006,
07016243848,
08068078784,
07064108955,
08037785765,
08023177773,
08034658891,
08139177709,
08033585897,
08033585897,
08024509099,
08065492646,
08098016060,
08023363572,
08028787817,
08032006134,
08039395776,
08023192347,
08029765418,
08034399710,
+2348033270948,
08033016783,
08065035355,
08033499468,
08028459828,
08035134205,
8099420804,
08026369076,
08030716932,
08165359899,
08068865009,
07084874334,
09052687551,
08035485220,
08020547120,
08032718065,
+2348035000035,
08064866165,
08023434829,
08035282694,
555-666-0606,
555-666-0606,
555-666-0606,
555-666-0606,
08065321886,
08052311518,
07033386471,
08065588865,
08065588865,
08094600710,
08132104297,
08099443676,
09071525379,
08033457371,
08033771866,
08037608164,
08051867882,
08034315881,
07063290087,
08066167033,
08097446888,
08055232001,
08098711409,
07055068535,
08034480121,
+2348033989095,
07034629931,
07061917466,
08077341020,
08160096435,
08065945520,
07030057244,
08035088206,
07033542413,
08033787468,
08063922727,
08059678751,
08038729458,
08064146809,
08062163219,
08034364689,
07056522489,
08039180825,
08163105556,
07068000600,
090936170033,
08120418143,
08033757071,
08170887204,
08121551814,
87149735175,
08067986593,
08064459582,
08035943472,
08060797037,
08027254858,
07034568870,
08037125031,
08035224027,
08037125031,
+2348033391756,
08030542666,
08056141231,
08033696873,
09090805727,
08077744885,
08034528717,
07039809857,
08072461400,
08038349663,
08039563050,
08166719448,
08100213347,
08065542657,
08037020667,
09071246134,
08023010209,
08130748990,
08055041039,
0703 897 8767,
